0.9999999999999986 -2.0711120230670096e-17 7.144892316679469e-17 8.881784197001252e-16 -2.0673109627162087e-17 0.9999999999999979 -6.852157730108384e-16 -2.1094237467877974e-14 1.1985855016827247e-16 -5.6768825751341e-16 0.9999999999999994 -2.842170943040401e-14 
0.9999996076079841 -0.00014455833889908502 0.000874006157131612 0.013706028943424542 0.00014544137282724583 0.9999994790196481 -0.0010103500564859706 0.02944490926444887 -0.0008738596472655701 0.0010104767766868823 0.9999991076526016 -0.9970992123650788 
0.9999947511785106 -0.0030334022982694588 0.0011384576949885232 0.032050514670261876 0.003032075216789107 0.9999947239286422 0.001165604888725129 0.053417339315122714 -0.0011419874369526426 -0.0011621468813113464 0.9999986726387785 -1.9856797507070496 
0.9999912599039312 -0.0037381396115389455 0.001872545858108285 0.04763480656968655 0.0037257019393594497 0.9999712649987852 0.006602145241204482 0.061876175780759546 -0.0018971717911478838 -0.006595110990086464 0.9999764523478654 -2.966167244142504 
0.999988469546506 -0.004196655086344981 0.002334279358023095 0.05869314582880092 0.0041792774973740685 0.9999638844363185 0.007400233957567684 0.07618103453487524 -0.002365251283686314 -0.007390393028321432 0.9999698933854214 -3.9505047679474004 
0.9999898817492721 -0.00363845134105002 0.002645386722952096 0.06761387160195165 0.0036274778353668842 0.9999848458247008 0.004141198558545844 0.11519264305461263 -0.002660414183746682 -0.004131560575157594 0.999987926128903 -4.933417907564014 
0.9999953017135677 -0.0007608959376908926 0.0029694423989793336 0.0753935309411049 0.0007578219174820689 0.9999991759913119 0.0010362058847870614 0.15402160311029123 -0.0029702283969811937 -0.0010339507078630519 0.9999950543323715 -5.911875761861111 
0.9999945698615959 0.0005060927857316623 0.0032563963843181922 0.08397192619335625 -0.0005066570595531015 0.9999998567782358 0.00017245906844942646 0.18244996850405637 -0.003256308637640798 -0.00017410800819001244 0.9999946830560941 -6.884025493164998 
0.9999878443077299 0.003527300861848918 0.0034451974409254126 0.0905810064075081 -0.003530919024564811 0.9999932205963787 0.001044687571238772 0.19601725827426586 -0.0034414891571707797 -0.0010568395855267475 0.9999935196002377 -7.849393720174973 
0.9999684475517687 0.006860486046308414 0.004004701251396834 0.08967761804842445 -0.006871775268572945 0.9999724350970327 0.0028120723260706766 0.1996384475814541 -0.003985298679241013 -0.002839503005322831 0.9999880272368868 -8.81545913386421 
0.9999514756516551 0.008357528743409838 0.005215175488829813 0.08612028354394408 -0.008367469516016053 0.999963211241088 0.0018872250285217923 0.22568119056626967 -0.005199211091574761 -0.0019307712740809794 0.9999846200448851 -9.776189722662586 
0.9999150885975621 0.011404416638673403 0.006305146791213682 0.08026380266812261 -0.011389308980180387 0.9999321947919247 -0.0024268208742634603 0.2866451142180264 -0.006332395745780917 0.00235480354452819 0.9999771775717603 -10.739353547271577 
0.9998884393346169 0.013319476810809156 0.006760208759353931 0.08640246703715793 -0.013265319124676352 0.9998800577473781 -0.007993836852112449 0.36480689169606895 -0.0068658716492681175 0.007903268727811313 0.9999451975733028 -11.701427463484087 
0.9999026442679969 0.011884741400058813 0.007311286324503646 0.094979881611164 -0.011811371241745467 0.9998802602974176 -0.00999782861206008 0.4097316382016043 -0.007429232480869932 0.00991049894910297 0.9999232913155507 -12.654690358626183 
0.9999081300894322 0.010269242966805616 0.008847261154849954 0.08523066437571725 -0.010201134150660986 0.99991824819744 -0.007709330956727388 0.4031244373307632 -0.00892570686800882 0.007618370603274425 0.9999311437225349 -13.599042450968618 
0.9999090665496414 0.008587870341768009 0.0103974571322372 0.06803555548190943 -0.008596479039191373 0.9999627426028906 0.000783552316241104 0.30344898177864077 -0.010390340704349865 -0.0008728625874249076 0.9999456379878614 -14.529278166225147 
0.9999061775672963 0.007419442244156462 0.011514683649303095 0.05441344106560875 -0.007494212504422042 0.999951025777262 0.006463963639915499 0.23573592524205433 -0.011466160721726504 -0.0065496506613120925 0.9999128108162826 -15.448268151042072 
0.9999160392660776 0.0022861046934572887 0.012754926254910226 0.046585653451983955 -0.002359769410371492 0.9999806075367949 0.005763335724142098 0.26447301047615945 -0.012741503316623022 -0.005792950515052817 0.9999020431110047 -16.361705972497127 
0.9999073235361198 -0.0008214658215792788 0.01358931686057307 0.04006140914761458 0.0007821064836275816 0.9999954850690297 0.002901405004974416 0.3366431446238656 -0.01359163891079151 -0.0028905078201941106 0.9999034514973231 -17.262143630036235 
0.999882316336258 -0.0034757366279934082 0.01494231350662482 0.02445118378029365 0.0034582647321419044 0.9999933062038763 0.0011949696568098486 0.39240302265849714 -0.014946366885629893 -0.0011431545525869887 0.9998876433452855 -18.14711630828908 
0.9998625631672756 -0.0036290842109959454 0.016176666045682884 0.007632017360179599 0.003595784763562892 0.9999913571411738 0.0020870972389628924 0.39637864132039047 -0.016184100484678575 -0.0020286425856369107 0.9998669709020095 -19.019024346999693 
0.9998285924244609 -0.005064995328256286 0.017808188926581005 -0.016081491495107514 0.00504375407926829 0.9999865144888458 0.0012374915094489054 0.4331416603782161 -0.017814216662764608 -0.001147459268487364 0.9998406558156749 -19.876468618988177 
0.9997935139380392 -0.006372514071990966 0.019295609651647564 -0.03935270115199385 0.006361697246473147 0.999979570805845 0.0006219156698866697 0.46846927307026065 -0.019299178624249458 -0.0004990344261801126 0.9998136289674543 -20.72196475632991 
0.9997627005799353 -0.0060831801835664456 0.020917395821839883 -0.0684898891450283 0.006092535885903665 0.999981366766467 -0.0003835705214043272 0.5109137372931056 -0.020914672734523708 0.000510919485025029 0.999781133761628 -21.552875037532694 
0.9997339461079515 -0.005626171712031187 0.02236924655164083 -0.09617360530522756 0.005652349737503358 0.9999834123733291 -0.0011072130035375625 0.546120514024776 -0.022362646128450278 0.0012333572300818085 0.9997491639846843 -22.371748376902637 
0.9996871926795216 -0.007795965205887764 0.02376425296623508 -0.12208328105147537 0.007875779541689689 0.9999636492505195 -0.0032668446845459677 0.616627932278192 -0.023737920910334987 0.003452984808948051 0.9997122526040995 -23.177580046873835 
0.9996460487721768 -0.009309412487481484 0.02492211895708917 -0.1426626006350884 0.009508552569594911 0.9999237124796524 -0.007883948816291451 0.7465062458866081 -0.02484682277887097 0.00811813156117634 0.9996583072919214 -23.9709914832522 
0.9995723763678102 -0.011682650581608589 0.026806343984134343 -0.18766247424126936 0.011942167270914352 0.9998831646180035 -0.009541580286219771 0.8150804021058997 -0.0266917411062146 0.009857625924780025 0.9995951071147983 -24.748277305952662 
0.9994849884484507 -0.014974140212491998 0.02838191309787257 -0.22073020893899375 0.015156211059166529 0.9998658486958893 -0.006210787226744817 0.7603770185150855 -0.028285104428453983 0.006637750864751918 0.9995778574633034 -25.506610238587925 
0.9994317131491319 -0.01610595613418082 0.029611635023994335 -0.24809704708771596 0.01607217350304426 0.9998698839788079 0.0013785322235806737 0.5888360099642669 -0.02962998465538647 -0.0009018254860306079 0.9995605287925862 -26.245002201864338 
0.9993950009974092 -0.015395078687156788 0.031186912857853796 -0.28506625002216257 0.015180638110807694 0.9998595511575266 0.007101139740657669 0.4514066298854711 -0.03129185529711836 -0.006623406320309913 0.999488344244584 -26.963395246380145 
0.9993685605866611 -0.01630005541061343 0.031571954398714304 -0.28993581103887145 0.016013993156626823 0.9998285867226137 0.009292426778717802 0.40810450422335653 -0.03171800961792935 -0.008780966112522243 0.9994582845221742 -27.66229281901211 
0.9993067507707386 -0.01846664306037819 0.03232647456973462 -0.3041860321013763 0.018283494834297954 0.999815126285811 0.005952064072933101 0.5240393711923723 -0.03243041289702164 -0.005356896878296401 0.9994596399931126 -28.340109966744265 
0.999246028881982 -0.019441143971636834 0.03360678033764244 -0.33682715212858216 0.01936695913937071 0.9998092377976876 0.0025315821333297414 0.6512403262282607 -0.03364958628694256 -0.001878812251913705 0.9994319263497834 -28.996875665021932 
0.9992517010285819 -0.01655084143228832 0.034958656143620585 -0.3754952135438048 0.016364665445746444 0.9998503793307616 0.0056050581603031115 0.5829485364457262 -0.035046194034922463 -0.005028777188824156 0.999373041303222 -29.63183512119071 
0.9993427678834185 -0.009076793283548337 0.03509478740202781 -0.3822396029209898 0.008721969198820345 0.9999094245544208 0.010250362946730807 0.4582231271590892 -0.03518464910157007 -0.009937530424236531 0.9993314194783759 -30.24820642359777 
0.999397115591714 -0.004957402545467347 0.034363199894106904 -0.36080542183489017 0.00441500454716407 0.999864756797173 0.015842217325122608 0.30355835900156003 -0.0344370887533871 -0.015680952615518075 0.9992838408796876 -30.847125459919084 
0.9994857349901074 -0.006630623281897623 0.0313735618981456 -0.26589455540082163 0.006117849275303503 0.9998465972441539 0.016412004738236435 0.3026771455761035 -0.03147757092800956 -0.016211625895536024 0.9993729762777731 -31.432407358059116 
0.9995543247454144 -0.011921904479108266 0.027368231150867128 -0.13668746473611604 0.011559872132224935 0.9998440809986994 0.013348522320823083 0.4208967507610919 -0.027523103731644644 -0.013026199962150863 0.9995362909247082 -32.00433609987458 
0.9996824300066638 -0.010564439374260794 0.022878631005323374 0.00695387090348909 0.010333680528056041 0.9998947749272427 0.010181066738876577 0.5377059708667601 -0.022983780862039255 -0.009941413073853317 0.9996864078916852 -32.559928053053675 
0.999827462529873 -0.005742150936915709 0.017665584442385928 0.16844598678927136 0.005635010491470755 0.9999654644057685 0.006108735754336922 0.686518396832147 -0.01770005163366474 -0.006008136014855165 0.9998252899750998 -33.10061751228412 
0.9999502291482929 -0.001126718280026177 0.009913109108225378 0.41939323275979223 0.0011106840270568674 0.9999980663896794 0.0016228363724782036 0.8541177460477267 -0.009914918419541435 -0.0016117452705851473 0.9999495470622085 -33.62634979085323 
0.9999920471712065 -0.00394854340098926 -0.0005608915670357012 0.7671204596669319 0.003949836802971046 0.9999894990964419 0.002323894592092335 0.8507168926102433 0.000551709678511406 -0.0023260915407116393 0.9999971424532053 -34.13303120949987 
0.9998352439132999 -0.009491313059988193 -0.015472556518784892 1.2789283560268305 0.009532147460100037 0.9999512717630263 0.0025675405161600198 0.8630959098196926 0.015447433237551335 -0.0027146041885546123 0.9998769963002796 -34.619779948253985 
0.9993390296923617 -0.014551283922143138 -0.033313118583281405 1.8956471456333275 0.014616178245566202 0.9998917237726088 0.0017053048208735568 0.9122087203693603 0.033284697189856445 -0.002191088144150849 0.9994435091918517 -35.07869066962136 
0.9984090075542533 -0.013066297744978207 -0.05485185044981502 2.6416570329634728 0.013146184765506906 0.9999129847014456 0.0010958337263508196 0.9453781656736164 0.05483275900992457 -0.0018151828239144293 0.9984939026607399 -35.50336074222725 
0.9967401814610811 -0.00930564325911033 -0.08013997544586463 3.5274017320312714 0.00934777777843138 0.9999562972300392 0.00015060077496515916 0.9913353071116524 0.08013507166986682 -0.000899240525405024 0.996783608239493 -35.88352850495731 
0.9940125895218624 -0.007910848241992924 -0.10897885277489368 4.548271591426384 0.007793715015413499 0.9999685024064264 -0.0015007335889419067 1.0647343120914303 0.10898729227895486 0.00064239795969181 0.9940429354140409 -36.21887056284238 
0.9899449798430647 -0.007559476949066713 -0.1412508095260685 5.706088391582469 0.007179478497390793 0.9999691081513877 -0.003199661141641941 1.140943949351624 0.14127063379208957 0.0021533813346353557 0.9899686717148214 -36.49942715758882 
0.9841348518264181 -0.007458122306013437 -0.1772652527492664 7.012172296733732 0.006819775717557555 0.9999678823579364 -0.004210096405518408 1.1913561853655517 0.17729095882124113 0.0029343933359529334 0.9841541064569079 -36.70278012737862 
0.9759962749245672 -0.007610037452129256 -0.217654218115212 8.495469271229867 0.006811874785031137 0.9999670428095622 -0.0044172000871765486 1.2102767527088378 0.2176806599017933 0.0028285375504454196 0.9760159474517031 -36.82051943034874 
0.9652126420669821 -0.0073628379676175405 -0.26136247667011553 10.11698359269359 0.006369513264068608 0.9999689146768382 -0.004647470366072668 1.2318839852191317 0.2613885707043309 0.0028210453890843293 0.9652295358141809 -36.83124894079009 
0.9513168748140511 -0.0091126486305709 -0.3080798002611689 11.866198568776895 0.008305506288252945 0.9999577815780298 -0.003931110127993 1.220376748438842 0.30810261644348574 0.0011809726831585481 0.9513523968773083 -36.70770756925826 
0.9332858396298969 -0.009189501077540962 -0.3590168444742717 13.79634738557559 0.009127235130395593 0.9999566004098215 -0.0018683885313849438 1.1542841087680693 0.35901843284877716 -0.001533090596021826 0.9333292101440048 -36.430722421481505 
0.9111106491498916 -0.008457352283231015 -0.412075063790591 15.826017665547568 0.009123560260407195 0.99995831803491 -0.0003504867570057048 1.1040093561094753 0.4120608518821426 -0.0034402594596115526 0.9111498334308215 -35.97354965528562 
0.8844640207897692 -0.008124247834654635 -0.46653766463760943 17.935193967396003 0.009619887517896346 0.9999533880459135 0.0008243176814773626 1.0625889545944058 0.46650922144426726 -0.0052171191876439664 0.8845009485437796 -35.350657703432105 
0.8533315468724934 -0.0070271114801474235 -0.5213212932697473 20.083003701752045 0.009811408410144426 0.9999485355116852 0.0025811999232477037 0.996943221004396 0.5212763253565287 -0.0073175154444671785 0.8533565764617472 -34.54684175875768 
0.8180139048096774 -0.003428835095713022 -0.5751882253905316 22.211741259396234 0.00807211984908932 0.9999521898925537 0.00551895010185691 0.8860273932935784 0.5751418020098731 -0.009157566214407317 0.8180024734448327 -33.55710745332645 
0.7794078748003107 -0.0016998697060881902 -0.6265145450364612 24.273587754123437 0.007495913431556425 0.9999500443296234 0.006612119706139967 0.8519278350719598 0.6264720073403827 -0.009849836961292937 0.7793816810335915 -32.446395526320345 
0.7379444327742382 6.16320381830886e-05 -0.6748614749257793 26.235283063916267 0.005609272655777112 0.9999648925743679 0.00622492401591892 0.8784577866018032 0.6748381659314916 -0.008379130039729139 0.7379181797340393 -31.20291086815297 
0.6939080428041248 -0.0007605915922487584 -0.7200632261351615 28.102218814864294 0.0047167993564545835 0.9999827884862704 0.003489202638365347 0.9962824241548018 0.7200481788988689 -0.005817579535376853 0.6938996871542537 -29.869051849847487 
0.647874579189123 0.000450947367479743 -0.761746891222398 29.85466800863091 0.0033451099409904836 0.9999884984345887 0.0034370391351879123 1.0052896026958087 0.7617396798644525 -0.004774897381714015 0.6478656191487512 -28.4463192984118 
0.6004492445778351 0.003971268907724716 -0.7996530083162131 31.464846988262806 0.002087802501519513 0.9999764748119092 0.006533827626988984 0.8838200988585642 0.7996601439152891 -0.005592749413938078 0.6004268276712588 -26.952857655105074 
0.5531306521897551 0.010561133160008755 -0.8330275770192199 32.922777323112825 -0.0008113965661693175 0.9999259988481678 0.012138305610891627 0.6647264950338946 0.8330941262809067 -0.006038153183513758 0.5530982891515615 -25.462051727457162 
0.5060692409653424 0.009672879474232534 -0.8624386115842901 34.22821929978753 0.0005750277837654344 0.9999331034550459 0.011552400521327735 0.6925573177247465 0.8624926623988217 -0.006342240726609881 0.5060298245071685 -23.96405991461071 
0.4585134782699916 0.005380984259710645 -0.8886711626091796 35.4372932881702 0.0032985320528121937 0.9999644755005945 0.007756766279462637 0.8464639490707002 0.8886813320482483 -0.006487892201201253 0.4584794404591498 -22.45036424436975 
0.4130996104241349 0.004649360418533974 -0.9106739786087693 36.484496348450165 0.005012034637662072 0.9999602159111877 0.0073787603050671415 0.8602442917035518 0.9106720547904263 -0.007612492531840947 0.41305987287708573 -21.014583623836018 
0.37061879063930814 0.01111513843395416 -0.9287185610951523 37.36623889227484 0.0034689932038892 0.9999048476856276 0.01335146662100352 0.6186404768534983 0.9287785947744522 -0.008170022789101969 0.3705449670639425 -19.6799343364256 
0.3314607098394096 0.02683820386870404 -0.9430872221835345 38.10322376139926 -0.004071655814828472 0.9996267047965042 0.027016155844348345 0.07842497380201663 0.943460237345315 -0.005114867621206186 0.33144625307512193 -18.483648396347824 
0.29625478936433247 0.03240021447503512 -0.9545592312060396 38.71706002251483 -0.007552031164727181 0.9994726689485673 0.03158086208626589 -0.09356283534390175 0.9550790891878952 -0.0021471205826651086 0.2963432524442253 -17.442578844450672 
0.2634493673007551 0.03055818339176016 -0.9641891040126033 39.26160559888665 -0.004264293527486841 0.9995252752447539 0.03051294721273119 -0.0592561990611562 0.9646637998129404 -0.0039270312821617645 0.2634546104279935 -16.493391157735374 
0.23252456151602516 0.019074790001956422 -0.9724034557107256 39.75860369680597 0.002959524201576293 0.999789153616304 0.020319683257696664 0.3431726246603679 0.9725860216496423 -0.007602677000513401 0.23241908225045854 -15.620457125344345 
0.2039863063873588 0.013355364901163123 -0.9788826390506672 40.1804988947455 0.00721223423675275 0.9998593040820613 0.015144494638265317 0.5505051238157936 0.9789471745113499 -0.010149200406487714 0.20386128432675069 -14.846969523249095 
0.17844574004509572 0.014476817303850099 -0.9838432495171718 40.527309991106996 0.00915136414665123 0.9998240927486636 0.01637180788930086 0.49461833332690563 0.9839071960271512 -0.011924987214238446 0.17828186751862032 -14.20050976103687 
0.1550258085293949 0.020940014656177536 -0.9876884703569268 40.82337885244926 0.010154451218676726 0.9996887427856682 0.022788257240423878 0.21966463860758445 0.9878582316356195 -0.01356220239516135 0.1547649212707385 -13.642171720614845 
0.13507646829021497 0.02962079838268406 -0.9903923242924562 41.05440379246092 0.016597813088194 0.9993451572041019 0.03215228410851965 -0.23704892934748867 0.9906961493389026 -0.02078136366743085 0.13449637396298178 -13.233932616750689 
0.11559785937485285 0.03206282193346612 -0.9927784800032758 41.28080498981172 0.0247501051903008 0.9990755956639642 0.03514806455215516 -0.4401199149147088 0.9929876974066796 -0.02863441283414656 0.11469744199685913 -12.849316753308198 
0.09790030595158228 0.02962328827899841 -0.9947552416982406 41.48925059197209 0.025928509598060763 0.9991416584991011 0.03230570602365523 -0.3309657264081891 0.9948584032336505 -0.028955259335791468 0.09704818634156567 -12.565239674930137 
0.08236210155150575 0.026968417879335876 -0.9962375161903431 41.66616478448733 0.020802632545419933 0.9993694831125173 0.028773020394065745 -0.1285590315538565 0.9963853344500799 -0.02309416940490904 0.08174915676811448 -12.38863010908978 
0.06765395354796178 0.027143720385541022 -0.9973395414867301 41.82348283602918 0.017091403857188152 0.9994516301038109 0.028360588798945447 -0.06743031689993195 0.997562442398228 -0.018964638843489107 0.06715292986918238 -12.2480385527554 
0.054190181396693494 0.02954774579899999 -0.9980933598408473 41.96109018585703 0.014911490685735048 0.9994266761140783 0.030396817548761574 -0.12492993777914863 0.9984192865153004 -0.016530268895610146 0.053718511935050055 -12.168647208461152 
0.04229452673139337 0.0334753423365347 -0.9985442275953625 42.076212086881625 0.014050731950765163 0.9993197722305569 0.034096477247844835 -0.26840381362800514 0.999006381331077 -0.015472371651331763 0.04179540375768464 -12.163354366673396 
0.031940827257609564 0.03682562825639854 -0.998811121612901 42.1743223305327 0.01482687688554704 0.9991935940361715 0.037313876224503204 -0.40733161263156736 0.9993797813023432 -0.016001085606868404 0.03136906092762896 -12.238934830991713 
0.023502935917772052 0.03905072385970639 -0.9989607865022923 42.25324333935247 0.015562981070172184 0.9991014311491951 0.039422378109869184 -0.4987201271831554 0.9996026238578276 -0.016473349436621976 0.022874071235448743 -12.410890538852696 
0.01748027523349547 0.04084047687265311 -0.999012760392266 42.30563373044336 0.01587251119370551 0.9990281800870625 0.041118837293086075 -0.569513668201987 0.9997212128219372 -0.016575609815145356 0.01681504662762293 -12.70064140845144 
0.011684748926798773 0.04233735764548183 -0.9990350418229167 42.359220425891685 0.017096125716456863 0.9989487526615302 0.04253365774840189 -0.6423156410050992 0.9997855715742274 -0.01757662378187858 0.010948660576778844 -13.017307098461849 
0.00538724775957437 0.042750142651683656 -0.9990712701628637 42.42334115421325 0.018082122585096342 0.9989182534726831 0.04284109851415769 -0.6675410090636362 0.9998219913586586 -0.0182961247903208 0.004608406803060605 -13.333394359112088 
0.0007237732465829634 0.0451868717589352 -0.9989782894402305 42.46641301352127 0.018174463483661807 0.998812956123116 0.045192560866598404 -0.7663066778099632 0.9998345688309475 -0.018188603608902346 -9.83330547410456e-05 -13.736586019246632 
-0.0027340626514824906 0.046892409531204646 -0.9988962042323393 42.48886439572243 0.018064565249837017 0.9987392544088958 0.0468355974136675 -0.832847401720624 0.9998330842614434 -0.017916574201521082 -0.003577706685747169 -14.20755686877111 
-0.0062103674856162925 0.047979205327205024 -0.9988290280082285 42.51743556542007 0.017739398098514107 0.9986963959641372 0.04786253695056116 -0.8684537236694421 0.9998233569440121 -0.01742138181693338 -0.0070533938492471585 -14.698786663711918 
-0.009407978457241508 0.049502501554406456 -0.9987296892959594 42.53879611924616 0.017202836996674162 0.9986340920361281 0.04933571345833056 -0.9198668104202588 0.999807757691754 -0.016716834719308748 -0.010246711489710765 -15.216703072892683 
-0.010661760766325518 0.05415929968412208 -0.9984753863341282 42.52897365736698 0.017086425800724253 0.9983962225678339 0.053972556133970964 -1.1116898956349401 0.9997971698853307 -0.016484933121000227 -0.011570050530493108 -15.833664413609814 
-0.01047815495321316 0.0581422651480076 -0.9982533171856905 42.493178732427815 0.01693092150323409 0.9981753260021111 0.05796000739844154 -1.276061723268287 0.9998017564326572 -0.016294034615003863 -0.011443437863565215 -16.524645372560975 
-0.008651901113039056 0.06000089204824861 -0.998160827502534 42.43809295519688 0.01686018350428014 0.9980650441003922 0.05984899294960489 -1.3518118994008816 0.9998204232857668 -0.016311367149761908 -0.009646786116291385 -17.308166045456055 
-0.005427720339168249 0.06243089129211935 -0.9980345302966181 42.35780435289841 0.017219304328331818 0.9979070884605029 0.06232927369005489 -1.459409487282899 0.9998370044214037 -0.01684715444082815 -0.006491377117285058 -18.16578311949742 
-0.0016865356554825002 0.06322275694322405 -0.9979980153296804 42.265913324431956 0.017111686153628642 0.997855136145184 0.06318478824569601 -1.4894306912576984 0.9998521619691885 -0.01697086542200547 -0.0027647662406945998 -19.062680663779425 
0.0020923635091251967 0.06465688174823829 -0.9979053610726519 42.1758116567061 0.015300540540046379 0.9977886598433906 0.06468140186414266 -1.5088100850974393 0.999880750626857 -0.015403828437201615 0.0010984513412936375 -19.983202005397604 
0.0059496122696853036 0.06459740330376784 -0.9978936704881188 42.08385398287594 0.013787988132248784 0.9978111696637589 0.06467426905270494 -1.4677429211950994 0.9998872403911868 -0.014143732910625456 0.00504592134773391 -20.91986927308693 
0.009904140159797759 0.0618535204526771 -0.9980360965492711 41.994175562872044 0.011479056404058318 0.9980122501768838 0.06196595646759972 -1.295544512601818 0.9998850630306299 -0.012070232163566159 0.009174433156881625 -21.87886843441778 
0.01387449035892778 0.06084379825025992 -0.9980508658038235 41.896749935096665 0.010325415891593793 0.9980850046683116 0.06098941910627261 -1.219531860156081 0.9998504309665242 -0.011151487377776256 0.013219683253303142 -22.842779878568535 
0.01786512309331326 0.05834926046804892 -0.9981363640203135 41.798341985035954 0.01102576350167967 0.9982234876046492 0.05855169795670623 -1.120324956612802 0.9997796106723037 -0.012051248783433792 0.017190040334275496 -23.813542057189963 
0.0212165895861719 0.056293690008972885 -0.9981887981697175 41.71161352076766 0.014297230393506614 0.9982943600727263 0.05660353213411904 -1.100841764534841 0.9996726691919736 -0.01547226913406695 0.020375557868094318 -24.756389928391243 
0.022472293949288215 0.050700310417571295 -0.998461053085306 41.67939828248568 0.020284815585746012 0.9984845416753014 0.051158052075036174 -1.0051585314868479 0.9995416560910839 -0.021403237115488704 0.02140979167738729 -25.61721696301495 
0.02209445963248661 0.04808760007887244 -0.9985987270030954 41.68028050610366 0.02321782340473515 0.9985484870392094 0.048598885872526844 -0.9639399468949095 0.9994862517963385 -0.024259055017845605 0.02094589983137976 -26.416740418678735 
0.022123116880563114 0.045660151964443514 -0.9987120296772599 41.670610691759926 0.02317413960776413 0.9986646921026026 0.04617133310888296 -0.8467149332815338 0.9994866317029595 -0.024165745802593654 0.021035440971741794 -27.24017027819702 
0.021889392846219373 0.04284654661700558 -0.9988418432984372 41.66863633603709 0.020391321617340197 0.9988542575705196 0.04329395033884661 -0.6332956121964117 0.9995524240796582 -0.02131538355838727 0.020990615527820257 -28.05533927997698 
0.021736939610023258 0.043734898484374715 -0.9988066700372755 41.658909501035176 0.01982616880598679 0.9988273996506729 0.04416728130131619 -0.6380897288140044 0.9995671205511238 -0.020762571171090368 0.020844355386979617 -28.86744630239458 
0.021852016480700842 0.04144649801408647 -0.9989017354965877 41.642589871649555 0.018591440489896253 0.9989506982329109 0.04185523671523143 -0.48715010144705073 0.9995883391257807 -0.019485643493243967 0.021058537019850006 -29.69392466705436 
0.02148504532135128 0.0397520272129107 -0.9989785629131402 41.63836954976957 0.018544154682378477 0.9990214642094375 0.04015256375308162 -0.39173771089230147 0.9995971724423065 -0.01938789264704475 0.02072685369396817 -30.496982352005485 
0.021519273485284547 0.037221123419203424 -0.9990753269098773 41.62585576490909 0.019265992401485327 0.9991057303685658 0.03763722999209461 -0.28888571850186784 0.9995827841681996 -0.020058103502185936 0.0207829275715469 -31.31403703680108 
0.020142805410503048 0.034225820849638385 -0.9992111191221621 41.65684959373047 0.020374956442760477 0.9991922812947855 0.03463590840263555 -0.17918352413230165 0.9995894800067417 -0.021056547392406286 0.019429186080768344 -32.07139871499717 
0.017335961319081605 0.03135543906061695 -0.9993579443254847 41.73612374163865 0.020313197973792885 0.9992908095672637 0.031705707727121356 -0.036496394302636626 0.999643355619002 -0.020849804692517782 0.01668673757997874 -32.77014555889463 
0.013334670249576916 0.028721843634858184 -0.9994984953803329 41.85442751387422 0.018861915298005905 0.9994022840622969 0.02897072250310167 0.1438360973827979 0.9997331717616577 -0.019238770991819063 0.012784950922801073 -33.416559322175594 
0.008319410978666685 0.026619604440321035 -0.9996110163760745 42.00972697381496 0.016242311512848318 0.9995101363267163 0.026752097055486954 0.3449386629878539 0.999833473493304 -0.016458555209601006 0.00788297169377712 -34.02061304663863 
0.0019682187883871315 0.024498618865788017 -0.9996979262699653 42.21044156462542 0.013755962961667863 0.9996046096337796 0.024523414972089392 0.5446023983031267 0.9999034451374771 -0.013800075092729085 0.0016304384799104264 -34.56614630314152 
-0.0055834389702063714 0.023929566884993092 -0.9996980549335691 42.453676911263386 0.013711457413312787 0.9996214875608135 0.02385115389885061 0.5949928732018526 0.999890404566854 -0.013574145844230267 -0.0059094348063647535 -35.054311871434585 
-0.014426398882625485 0.02335166389100782 -0.9996232184222216 42.74545141627707 0.014711284173167222 0.9996240031183793 0.02313937137350059 0.607547785209773 0.999787706032263 -0.014371923430977972 -0.014764507565049741 -35.48072404513827 
-0.02452677894914883 0.02387464601563965 -0.9994140475258525 43.082241382050626 0.01551449108032366 0.999603483616195 0.023498427796006 0.5799502887167907 0.9995787801273582 -0.01492905958168488 -0.024887456662109148 -35.84874824544524 
-0.034787873171369124 0.024964788360711893 -0.9990828610392221 43.43023047569032 0.014678035827686182 0.9995928912621745 0.024466446459733154 0.5882699319312796 0.999286925334487 -0.013813438392765647 -0.03514014478221966 -36.20120475676997 
-0.04561801331531684 0.023903081283094978 -0.9986729392380357 43.80247755367261 0.013124318534840803 0.9996417428922559 0.023326768535878218 0.7145370684863914 0.9988727392036272 -0.012042780929012651 -0.045915381990528956 -36.52046672120073 
-0.0567928050764308 0.025224890173748373 -0.9980672733875573 44.1900280193615 0.012509947619229913 0.9996202710508733 0.024552289399172957 0.7026587343239308 0.9983076071542845 -0.01109137592451888 -0.05708680125901538 -36.818945472578825 
-0.06792172848018051 0.025563536955245186 -0.9973630955567794 44.57842102408327 0.012540425167646065 0.9996145868575956 0.024767225886860304 0.7089218694259185 0.9976118366062415 -0.01082512447290707 -0.06821612817557686 -37.11074083744744 
-0.07901414953648271 0.02570032781082835 -0.9965421502994453 44.97057359119501 0.01317922354521457 0.9996071812376488 0.024734414989352627 0.7017383121538883 0.9967863724187698 -0.011179283006358606 -0.07932182166145797 -37.392989348456936 
-0.089755064530259 0.02537253580105443 -0.9956406293528772 45.352930845722696 0.014282116542096273 0.9996054497764069 0.024186068807946458 0.6951703337188986 0.9958614610166644 -0.012049033335873472 -0.090082025162759 -37.683234860906694 
-0.10005528273937227 0.02613926572939053 -0.9946384665711816 45.723016296083436 0.01534684308328558 0.9995764790784194 0.024725227614011542 0.6425911129993553 0.9948635156660033 -0.012790670831352826 -0.10041406244327843 -37.98154363145485 
-0.10961519575431126 0.026983991399078436 -0.9936077561431966 46.0683642652531 0.016141061021076143 0.9995479488099923 0.025364624555642958 0.5968635557352759 0.9938430333854821 -0.013257535137020526 -0.11000119432639215 -38.30167622767429 
-0.1192221877087511 0.027615544775753353 -0.9924834767615417 46.41677262973079 0.01660295330404366 0.9995287974144705 0.025817147029920388 0.573917737642091 0.992728770560983 -0.013400180070401845 -0.11962450950602734 -38.608673638520905 
-0.12872190185732083 0.028170714043107323 -0.9912805268199989 46.76753499704498 0.0167371774922653 0.9995157742060629 0.026231355337546423 0.5650562272210227 0.9915394792300632 -0.013214688174667925 -0.12913106963322019 -38.909324304950204 
-0.1373246303538777 0.02958331595913251 -0.990084225364203 47.084534492331954 0.016586204546098333 0.99948243826128 0.027563625052586863 0.5324299489415749 0.9903872190799536 -0.012636574858196565 -0.13774423130907254 -39.240741956585815 
-0.14469010923369163 0.031160677355929606 -0.9889862407923896 47.35683195301398 0.015383356332880242 0.9994540416578835 0.029239886484998766 0.5343277036610752 0.9893574301726735 -0.010983205380929702 -0.14509047026487365 -39.61989116423412 
-0.15003140976782617 0.03397394262599559 -0.9880973369590283 47.55248799943914 0.014095038634297369 0.9993813529661986 0.03222175087336292 0.4905087012475142 0.988580753387893 -0.009092995430165323 -0.1504174573150693 -40.08422001441781 
-0.15395894187073406 0.037020398883480715 -0.9873834788391747 47.694324582177146 0.012510868059694653 0.9992907918816536 0.03551607299417275 0.44598998286275227 0.9879980376490807 -0.0068850074104926055 -0.15431291026521632 -40.60979253133862 
-0.15681330773073787 0.038751665276507086 -0.9868677190773046 47.79585181220901 0.01138357264738457 0.9992344706335792 0.03742842464504267 0.4375801367376573 0.9875626566412509 -0.005364805301735293 -0.15713439493550674 -41.17602655889826 
-0.15863795702257055 0.03922786105314722 -0.9865572327589005 47.85731463168634 0.010693795719466402 0.9992200684466819 0.038011807987984966 0.4636317343307852 0.987278907566051 -0.004519925950737799 -0.15893372500694855 -41.777729559403866 
-0.15962440161668226 0.03964889575386019 -0.9863812728727238 47.88532128616706 0.010832935792797763 0.9992032955360718 0.03841121830871808 0.45633203773894415 0.9871183808999924 -0.0045540372583509885 -0.15992674208531968 -42.407167049240826 
-0.15887621231122234 0.0406897024169096 -0.9864596784860805 47.83924862176267 0.012075615518283386 0.9991557246473968 0.03926852956486916 0.3749194003931746 0.9872246596755427 -0.005673272561389652 -0.15923343024299344 -43.10281429323498 
-0.15618728036576054 0.041852732665944324 -0.9868403529549955 47.70901499622527 0.01338300297307818 0.999099828517844 0.0402545387134844 0.2835078692475519 0.9876367898591913 -0.006919640453513317 -0.15660680027579965 -43.87566791111011 
-0.15128149023761447 0.04191911542170549 -0.987601487683037 47.48152173000562 0.014159181846375862 0.9990898031605627 0.040237827849267854 0.2584491343562991 0.9883893100802572 -0.007896390494893405 -0.15173733468142955 -44.73628271955887 
-0.14390248624012567 0.04124728687511674 -0.9887318826554302 47.14038211091927 0.014612926025046767 0.9991105976558933 0.03955345806206105 0.27627805170291597 0.989483975032893 -0.008756424905324097 -0.14437724258338047 -45.69467985850948 
-0.1330587091086327 0.04026637870353608 -0.9902898558888946 46.63341903306605 0.014782821646879456 0.9991438380654839 0.03864012215209931 0.31846842367469974 0.9909979052018725 -0.009497873544961274 -0.1335400400015779 -46.793712423343585 
-0.11964251986447559 0.03984813251236664 -0.9920170330068707 45.99456733564316 0.014849013565588872 0.9991542662559396 0.038343956742636 0.3413472758391518 0.992705985796704 -0.01014290677415035 -0.12013303960844142 -47.98465642146823 
-0.10323922399715134 0.038683880605110084 -0.9939040295771998 45.1979433089031 0.01597658164612825 0.9991790135179165 0.03722966269341448 0.33882437386937303 0.9945282356310299 -0.012035627390812594 -0.10377250216670532 -49.28210067103703 
-0.08259825877589962 0.037336325371992884 -0.9958832895750918 44.17676860877236 0.01854544124255808 0.9991825090735835 0.03592186201374319 0.2689453572869156 0.9964103543502077 -0.015502011776936699 -0.08322315407721208 -50.745603002027565 
-0.05864253962663265 0.03543061559485731 -0.9976501009996979 42.95674640367828 0.02149116383010271 0.9991831656690825 0.034221795989327786 0.19101796307379604 0.9980476854456224 -0.01943380873830418 -0.05935608355136386 -52.3217761235656 
-0.031034638035037147 0.03348702510959447 -0.9989571914708575 41.50029885563242 0.02313852718670328 0.9991948422604249 0.032776146201059175 0.1692662271892431 0.9992504489874711 -0.02209720229966787 -0.03178449069692845 -54.01442811451325 
0.0016504267312303267 0.03170010482190872 -0.9994960627465646 39.72641237174804 0.022812391200217982 0.999236124121644 0.031729529748807356 0.23978287547006416 0.9997384012327083 -0.022853262450519198 0.0009260108177765729 -55.868057514044686 
0.03911578971784563 0.03057693634410914 -0.9987667425172688 37.62203193735335 0.020381532046802507 0.9992993390515298 0.031391465760601686 0.4005535426571605 0.9990268005144666 -0.02158429834352268 0.038465178003531754 -57.83869936692322 
0.0805085713397334 0.028648131126671014 -0.9963421372820603 35.202264230553766 0.016828175510115895 0.9994053449969785 0.030095994757926695 0.66695077858189 0.9966118514496176 -0.019189605895315365 0.07997860073636393 -59.861483187538624 
0.1250673497367473 0.025859080333411156 -0.9918112048137666 32.508172715620724 0.012024946705508478 0.9995473489191699 0.027577126851543888 1.05601932181136 0.9920753795385476 -0.015375475048488433 0.12469978380285028 -61.887983137272585 
0.1730051332001541 0.02165515825608218 -0.984682831173216 29.491424202502174 0.008507486256694062 0.9996881101205759 0.023479888439686614 1.439660022095975 0.9848841792637283 -0.01243931688044186 0.17276694368877077 -63.90220172959607 
0.22389299765411594 0.01780180727034615 -0.9744511384668618 26.151103911933838 0.00680492152432043 0.9997802465181769 0.019828053739559818 1.7047077642786517 0.9745899746275349 -0.011070425915948638 0.22372265648686054 -65.84003889048097 
0.2784481977929423 0.01637728008661724 -0.9603116087202247 22.432101522354024 0.006530718529691988 0.9997992109097491 0.018944328431661252 1.7708845636664718 0.9604290451987311 -0.011546538927541353 0.27828533302609815 -67.70596714048646 
0.3365650704057562 0.018572493189240175 -0.9414770394860964 18.295172781314683 0.00716650435715123 0.999726005982882 0.02228349561472259 1.613123075154215 0.9416329404805605 -0.014246945576090313 0.33633975373673075 -69.44451648490771 
0.3967067863413 0.01903866774679947 -0.917747925522681 13.793274438649426 0.010308641437647132 0.9996294455117729 0.02519332406675961 1.321442696184356 0.9178874972361627 -0.019455096922137267 0.3963635220618598 -70.95248948861644 
0.45705096873149187 0.020121701150078938 -0.8892128705346274 9.072324858417772 0.013963535273365888 0.9994585339254632 0.029793600759763467 0.9264767814472867 0.8893308898628645 -0.02603374937249018 0.45652252105382113 -72.19874222029372 
0.5162649197021043 0.015946750399997236 -0.8562804644721607 4.185844361989446 0.01824266784901296 0.999395019698974 0.029610803275760548 0.6827666279163191 0.8562346277479838 -0.03090785907444043 0.5156616783247558 -73.10526526999948 
0.5734100266893541 0.011592760445967635 -0.8191865167331284 -0.7626586925658998 0.021529221652785428 0.9993413546507673 0.029212146442755754 0.5061682229352993 0.8189856127595514 -0.03438698576511491 0.5727827697328637 -73.69701811566685 
0.6281456167808688 0.009635291047323651 -0.7780361465159666 -5.761724309715291 0.022658754827845476 0.9992727443769149 0.030668602431137327 0.3822139060957672 0.7777658162638886 -0.036893678481021916 0.6274704706514137 -73.94672869444987 
0.6794540101205226 0.008879552059610721 -0.7336643658283806 -10.72626089318291 0.021091743631403592 0.9992771570978191 0.03162754579612273 0.44594500003850546 0.7334148801883733 -0.03696372353699509 0.6787755863763469 -73.83707355395856 
0.7272023037758388 0.006874475484459368 -0.6863887753816531 -15.618587884849099 0.017298237286693295 0.9994487488120745 0.028336716195586722 0.8287756551080971 0.6862052028146421 -0.03247984120634834 0.7266825163338699 -73.42179540710303 
0.7715644886649223 0.005346084690585675 -0.6361286498890899 -20.457227560729216 0.012369548753677007 0.9996495562013747 0.023404252819144242 1.3576465885994002 0.6360308436662999 -0.025926514707401593 0.7712279700194107 -72.67802885561849 
0.8113209954443397 0.0030727369086121542 -0.5845928503147254 -25.09968085563127 0.009404891326242485 0.9997881680990623 0.018307565328591235 1.7758601507349348 0.5845252692316611 -0.020351344353864664 0.8111202330189062 -71.63779300846605 
0.8457440350780503 0.0015677373389674952 -0.5335865153183046 -29.415337405759562 0.006018145635823449 0.9999040523648098 0.012476697781678822 2.2534469609472394 0.5335548791389704 -0.013763294084823867 0.845653453066286 -70.42331050935218 
0.8744389504081769 -0.002153985045824762 -0.4851307889193049 -33.29777471692575 0.005958984859615909 0.999962392523474 0.0063011140419831305 2.545776980285469 0.4850989718691307 -0.008400826575378094 0.8744189005301536 -69.1213745828841 
0.8978639601777835 -0.005507964660797891 -0.4402385391343655 -36.72071569113357 0.007307568798704005 0.999970436546761 0.0023927955889658206 2.6491424543578574 0.4402123447293556 -0.005365478335970876 0.8978776660492833 -67.80676401848251 
